Event1 Event2 Station CoefMax LagSample LagTime
1 2 8 0.840559606063893 0 0
1 2 5 0.890757486337072 -21 -0.21
1 5 8 0.844148285471248 -6 -0.06
1 5 3 0.712760201073089 2 0.02
1 5 5 0.776173606186567 -14 -0.14
1 32 3 0.956514649603888 4 0.04
1 33 8 0.868119916257324 -2 -0.02
1 33 3 0.905030807083975 3 0.03
1 35 3 0.964574979971811 3 0.03
1 36 8 0.773819568953304 -15 -0.15
1 36 3 0.818608748750042 5 0.05
1 37 8 0.704655083634602 -14 -0.14
1 40 3 0.901368178544909 4 0.04
1 40 5 0.734583893356671 -14 -0.14
1 54 8 0.827576839486759 0 0
1 54 3 0.783105710683216 5 0.05
1 55 8 0.871772824899411 -3 -0.03
1 55 3 0.942526997737472 4 0.04
1 56 8 0.867325792886543 -1 -0.01
1 56 3 0.956437299419868 3 0.03
1 57 8 0.833377956077424 -3 -0.03
1 58 8 0.865246358693181 0 0
1 58 3 0.944015393764967 2 0.02
1 59 8 0.880418264792608 1 0.01
1 59 3 0.938274052574153 4 0.04
1 61 8 0.773876990084062 -1 -0.01
1 61 3 0.944216169959584 5 0.05
1 61 5 0.710843317655555 -16 -0.16
1 63 8 0.717920145869886 1 0.01
1 63 3 0.880375801863762 5 0.05
1 63 9 0.758570109476697 10 0.1
1 64 3 0.8257699999012 -5 -0.05
1 64 9 0.714199841640407 7 0.07
1 66 8 0.780055233192433 -2 -0.02
1 66 3 0.963241339889885 4 0.04
1 67 8 0.838793000723213 -1 -0.01
1 67 3 0.96041320666524 4 0.04
1 68 8 0.844852949530484 -2 -0.02
1 68 3 0.9627254305507 4 0.04
1 69 8 0.888280858945493 -1 -0.01
1 75 3 0.880254759552161 3 0.03
1 76 8 0.901968200795916 -1 -0.01
1 76 3 0.95394294704792 3 0.03
1 78 3 0.756286485259053 4 0.04
1 82 8 0.792754915856437 -9 -0.09
1 82 3 0.919873785602098 -1 -0.01
1 82 5 0.82092117841011 -18 -0.18
1 83 3 0.947669947387478 -4 -0.04
1 83 5 0.757270545982435 -15 -0.15
1 84 8 0.782008355122522 -1 -0.01
1 84 3 0.804899411891852 6 0.06
1 85 8 0.904741479689246 1 0.01
1 85 3 0.88461328065751 4 0.04
1 87 8 0.798780184973358 -15 -0.15
1 87 3 0.8385607150145 -2 -0.02
1 87 5 0.767803498402789 -18 -0.18
1 87 9 0.746451589432858 5 0.05
1 88 8 0.832326418746709 0 0
1 88 3 0.958605776688788 4 0.04
1 88 5 0.816316645312455 -17 -0.17
1 88 9 0.7516707643842 4 0.04
1 89 3 0.957698639203309 6 0.06
1 89 5 0.798128518914331 -16 -0.16
2 40 1 0.710620549252298 -2 -0.02
2 40 8 0.775217812563641 -1 -0.01
2 40 5 0.706043004393344 7 0.07
2 55 8 0.753533513760005 -3 -0.03
2 61 5 0.740080881869357 5 0.05
2 63 8 0.780449905705674 0 0
2 63 1 0.703195194322145 0 0
2 69 8 0.870281137767435 -1 -0.01
2 76 8 0.797521957491906 -1 -0.01
2 76 5 0.763842559613646 6 0.06
2 82 5 0.765221099674356 2 0.02
2 84 8 0.941166105242632 -1 -0.01
2 84 1 0.709132845151986 -9 -0.09
2 85 8 0.92421881294176 0 0
2 87 8 0.716038297583599 -6 -0.06
2 87 5 0.845095262972951 3 0.03
3 38 8 0.759813270627062 -5 -0.05
3 38 8 0.759813270627062 -5 -0.05
4 35 8 0.75864203249565 -1 -0.01
4 35 5 0.829429424836252 -14 -0.14
4 36 5 0.788571669388697 -14 -0.14
4 36 9 0.703047517038424 -5 -0.05
4 61 5 0.779189399389001 -17 -0.17
4 68 5 0.776675065326151 -14 -0.14
4 76 5 0.773429546003895 -15 -0.15
4 78 5 0.817239051487936 -10 -0.1
4 82 5 0.752471148038491 -19 -0.19
4 82 9 0.724070304290984 2 0.02
4 87 5 0.717097216663323 -18 -0.18
4 88 5 0.715045342039575 -3 -0.03
5 6 8 0.897933476622309 0 0
5 33 8 0.90316058415863 4 0.04
5 38 8 0.794842279830932 4 0.04
5 54 8 0.753907959633322 -14 -0.14
5 56 8 0.879732493878038 5 0.05
5 57 8 0.945341426298287 3 0.03
5 58 8 0.885879304139695 6 0.06
5 58 4 0.723550755456445 -4 -0.04
5 59 8 0.895624764092415 7 0.07
5 61 8 0.798456146056211 5 0.05
5 66 8 0.896674175242187 5 0.05
5 67 8 0.863901392443909 5 0.05
5 68 8 0.870863617576845 4 0.04
5 69 8 0.7852463199613 5 0.05
5 76 8 0.938288318364431 5 0.05
5 82 8 0.704440477078622 -14 -0.14
5 82 5 0.715490556598139 -4 -0.04
5 83 5 0.764558899514 0 0
5 84 8 0.748864257619361 -14 -0.14
5 85 8 0.858468786832055 7 0.07
5 85 3 0.74989142233921 2 0.02
5 88 8 0.75435156465001 6 0.06
5 88 5 0.726056882959289 14 0.14
5 89 8 0.753565999937872 7 0.07
6 32 4 0.705043129882468 0 0
6 32 3 0.918120356604519 -2 -0.02
6 33 8 0.849874154504093 4 0.04
6 33 3 0.846433369851554 -3 -0.03
6 36 8 0.70377855175376 -9 -0.09
6 36 3 0.782811366343575 0 0
6 38 8 0.754574126208867 -6 -0.06
6 40 8 0.775070677678522 -15 -0.15
6 40 3 0.885999654760745 -1 -0.01
6 54 8 0.838021006276522 -15 -0.15
6 54 3 0.756673279758898 -1 -0.01
6 55 8 0.813803754779849 3 0.03
6 55 3 0.88274844378021 -1 -0.01
6 56 8 0.863265417622311 4 0.04
6 56 3 0.926385673656556 -2 -0.02
6 58 8 0.780935861043956 -4 -0.04
6 58 3 0.866645811765101 -3 -0.03
6 59 8 0.784628740160239 -3 -0.03
6 59 3 0.858227440887696 -1 -0.01
6 61 8 0.76192140675412 5 0.05
6 61 3 0.866860266543164 0 0
6 64 3 0.844306722436329 -10 -0.1
6 66 8 0.820546008722544 4 0.04
6 66 3 0.897320626462249 -1 -0.01
6 67 8 0.76202238380641 5 0.05
6 67 3 0.90589252871816 -1 -0.01
6 68 8 0.769701295783397 4 0.04
6 68 3 0.90213926955017 -1 -0.01
6 69 8 0.779999185687711 -15 -0.15
6 75 3 0.858824722125484 -2 -0.02
6 76 8 0.887171567829018 5 0.05
6 76 3 0.90691506498973 -3 -0.03
6 78 3 0.748234861322118 -1 -0.01
6 83 3 0.932333965689512 -9 -0.09
6 84 8 0.802981742834765 -15 -0.15
6 89 3 0.905554781210087 0 0
8 9 5 0.782655793407948 -21 -0.21
8 15 5 0.701431908664487 -32 -0.32
8 16 3 0.724307168659984 -15 -0.15
8 20 3 0.749369545556338 -15 -0.15
8 28 3 0.760467365384875 -11 -0.11
8 29 5 0.711250191154553 -33 -0.33
8 41 3 0.761796873015139 -8 -0.08
8 42 3 0.74312741041271 -16 -0.16
8 43 3 0.714742868101786 -21 -0.21
8 80 5 0.740536359367041 -31 -0.31
8 81 3 0.791405613328145 -3 -0.03
8 86 4 0.71020958710257 -2 -0.02
8 90 3 0.787148714344897 -1 -0.01
9 10 4 0.868145718560296 0 0
9 20 1 0.759052627847857 -9 -0.09
9 21 4 0.837132736460487 8 0.08
9 26 4 0.751963279737193 28 0.28
9 28 4 0.801961706846366 31 0.31
9 29 5 0.818388914164823 -12 -0.12
9 47 1 0.794974576214177 -1 -0.01
9 48 1 0.711396621844843 -6 -0.06
9 79 4 0.808863666902674 2 0.02
9 80 4 0.844131222585726 4 0.04
9 80 5 0.880153081373503 -10 -0.1
9 91 4 0.777495238151964 9 0.09
9 92 4 0.714732390567336 10 0.1
10 15 4 0.706879022625947 6 0.06
10 15 5 0.782975758902003 0 0
10 16 4 0.701557149939349 10 0.1
10 21 4 0.732821779118717 7 0.07
10 26 4 0.769473758263626 28 0.28
10 28 4 0.821049193337232 30 0.3
10 29 4 0.793094772242779 4 0.04
10 29 5 0.750062473100501 -1 -0.01
10 47 10 0.787820140757813 -27 -0.27
10 70 10 0.702499325469822 6 0.06
10 79 4 0.875322773684608 2 0.02
10 80 4 0.916642607380404 4 0.04
10 90 3 0.710139390269097 -6 -0.06
10 91 4 0.814440058233108 9 0.09
10 92 4 0.765229175172448 9 0.09
11 13 3 0.744183175110664 -9 -0.09
11 14 3 0.79041851334658 1 0.01
11 16 3 0.706136490724598 3 0.03
11 18 3 0.811939744001679 -4 -0.04
11 19 3 0.930874502566856 0 0
11 20 3 0.743189224498598 -8 -0.08
11 21 3 0.773501515274566 8 0.08
11 22 3 0.739193149520634 -7 -0.07
11 23 3 0.809168881209948 -4 -0.04
11 24 3 0.832429324947312 -1 -0.01
11 25 3 0.832389720118684 -4 -0.04
11 26 3 0.845286803807178 -2 -0.02
11 27 3 0.848471604142298 -3 -0.03
11 28 3 0.766905006012641 -6 -0.06
11 31 3 0.836097445579541 1 0.01
11 41 6 0.713015150853595 -1 -0.01
11 42 3 0.760783965040857 -9 -0.09
11 46 3 0.722163045101777 -11 -0.11
11 65 3 0.80540817351339 -2 -0.02
11 90 4 0.705560397765348 -1 -0.01
11 90 3 0.709254205284066 -9 -0.09
11 91 3 0.736671077644253 -9 -0.09
12 13 6 0.915410654695657 1 0.01
12 13 3 0.707537127237519 -8 -0.08
12 15 6 0.744431496309514 0 0
12 16 6 0.743214206274752 0 0
12 17 6 0.904666489368708 2 0.02
12 18 3 0.71980365884348 -3 -0.03
12 19 3 0.751075675512943 1 0.01
12 22 6 0.85023203317114 4 0.04
12 23 3 0.810561281109652 -3 -0.03
12 25 6 0.850190235959319 7 0.07
12 25 3 0.749537371691827 -3 -0.03
12 26 6 0.721410443218168 8 0.08
12 26 3 0.717797333203032 0 0
12 27 6 0.844601777693515 3 0.03
12 27 3 0.756125649654431 -1 -0.01
12 31 3 0.812038658547307 3 0.03
12 42 6 0.719479618590172 4 0.04
12 48 10 0.752195035521858 -1 -0.01
12 49 10 0.729502675772447 0 0
12 90 6 0.801913090562661 4 0.04
12 91 6 0.765896801605112 0 0
12 92 3 0.733819394860544 -1 -0.01
13 15 6 0.780976913913465 0 0
13 15 10 0.950367792049261 0 0
13 15 1 0.861005774270321 1 0.01
13 16 6 0.712960135024084 -1 -0.01
13 16 3 0.900594130625697 1 0.01
13 16 1 0.762825962043497 6 0.06
13 17 6 0.979665884473212 1 0.01
13 17 3 0.779008993806333 22 0.22
13 17 1 0.71464326711952 4 0.04
13 18 3 0.764817200407849 5 0.05
13 19 3 0.857771891179994 9 0.09
13 20 3 0.962131682385396 1 0.01
13 20 1 0.846423087018157 -4 -0.04
13 21 3 0.716858994126421 17 0.17
13 22 6 0.933225318585217 3 0.03
13 22 3 0.797048137840056 2 0.02
13 23 3 0.772853742019736 6 0.06
13 24 3 0.872630721216577 8 0.08
13 25 6 0.83748841769761 6 0.06
13 25 3 0.792382324668768 6 0.06
13 26 6 0.754351843564574 7 0.07
13 26 3 0.900827244292217 8 0.08
13 27 6 0.924697843263596 3 0.03
13 27 10 0.906959142715175 0 0
13 27 3 0.913920225862959 7 0.07
13 28 10 0.896663520344574 1 0.01
13 28 3 0.839674549286853 4 0.04
13 29 6 0.742216787711215 6 0.06
13 29 3 0.719271408458186 8 0.08
13 31 3 0.732225532317383 0 0
13 31 1 0.877951675243074 0 0
13 41 3 0.75567569392843 7 0.07
13 41 1 0.782863932114201 0 0
13 42 6 0.727100408251746 3 0.03
13 42 3 0.947739754064838 0 0
13 42 1 0.855165408039581 -1 -0.01
13 43 3 0.790391389055013 8 0.08
13 43 1 0.860530740350454 -1 -0.01
13 44 1 0.893156541649049 0 0
13 45 3 0.862734614541456 2 0.02
13 45 1 0.892253153610543 2 0.02
13 46 1 0.786054126220929 -3 -0.03
13 48 1 0.750248957542737 -2 -0.02
13 49 6 0.723107068869597 8 0.08
13 65 3 0.810561698892531 7 0.07
13 65 1 0.832121865840572 -5 -0.05
13 70 3 0.870401067316022 1 0.01
13 70 1 0.746767578899708 -2 -0.02
13 79 1 0.702764141525235 3 0.03
13 81 6 0.735279225638918 0 0
13 81 3 0.709283105539346 11 0.11
13 81 1 0.813128769031563 10 0.1
13 86 3 0.705445260787085 7 0.07
13 86 1 0.758769557630381 3 0.03
13 90 6 0.786279975543629 3 0.03
13 90 4 0.700881440388857 -2 -0.02
13 91 3 0.942113977079261 1 0.01
14 15 3 0.715249760036199 -15 -0.15
14 17 10 0.791796156358096 0 0
14 19 3 0.751194444967763 -1 -0.01
14 20 6 0.844089080061082 2 0.02
14 20 10 0.712997785115884 3 0.03
14 23 6 0.893366385342128 -1 -0.01
14 24 6 0.830516755194977 0 0
14 25 6 0.732113251427349 1 0.01
14 25 10 0.736171344354028 -1 -0.01
14 26 6 0.784758172996962 1 0.01
14 41 6 0.889988660590042 0 0
14 43 6 0.874189028241955 1 0.01
14 45 10 0.877883558339953 -1 -0.01
14 46 6 0.743825321960904 7 0.07
14 46 3 0.734432693860771 -12 -0.12
14 49 6 0.701670146300156 2 0.02
14 70 6 0.915669123298796 1 0.01
14 86 6 0.846565601054109 0 0
14 90 3 0.700822298615417 -10 -0.1
14 92 6 0.855043234211561 1 0.01
14 92 10 0.773196175607593 -2 -0.02
14 92 3 0.722413063073077 -14 -0.14
15 16 6 0.862196198581492 -1 -0.01
15 16 4 0.763045518705232 -7 -0.07
15 16 3 0.732353888412659 6 0.06
15 17 6 0.822494420225447 1 0.01
15 18 3 0.88516417082633 -1 -0.01
15 19 3 0.755270965094899 14 0.14
15 20 10 0.784247933294924 -2 -0.02
15 20 3 0.750690552692784 6 0.06
15 20 1 0.838109080161375 -5 -0.05
15 22 6 0.834613236389061 3 0.03
15 22 3 0.841569278821662 7 0.07
15 23 3 0.849718485857245 -1 -0.01
15 24 3 0.831976595428506 2 0.02
15 25 3 0.867318157166844 -1 -0.01
15 26 4 0.7465910163479 22 0.22
15 26 3 0.738573720037805 13 0.13
15 27 6 0.771648169246885 3 0.03
15 27 10 0.841556655693273 -1 -0.01
15 27 3 0.771663712558922 1 0.01
15 28 10 0.889735307191813 0 0
15 28 4 0.724790637579701 24 0.24
15 29 3 0.786298027295909 2 0.02
15 29 5 0.734558501917054 0 0
15 31 3 0.787824355702596 5 0.05
15 41 3 0.823158320739465 13 0.13
15 42 6 0.825972540027607 3 0.03
15 42 3 0.738537592700474 5 0.05
15 43 3 0.872061856459129 1 0.01
15 44 3 0.817029797951203 -1 -0.01
15 44 5 0.734749511610042 8 0.08
15 46 6 0.762165898415091 1 0.01
15 46 3 0.882537642361657 3 0.03
15 48 6 0.764243903003711 8 0.08
15 65 3 0.703282142994783 1 0.01
15 70 1 0.801068964419087 -3 -0.03
15 79 3 0.741985635979126 4 0.04
15 79 4 0.704119987663196 -4 -0.04
15 80 4 0.767493391556925 -2 -0.02
15 86 3 0.940271928172754 0 0
15 90 6 0.700898806917089 4 0.04
15 90 3 0.712787306630422 6 0.06
15 91 3 0.734948441751705 6 0.06
15 92 3 0.91895806576463 1 0.01
16 17 6 0.777274769119785 2 0.02
16 17 3 0.702163484382283 21 0.21
16 18 3 0.787907138371325 -7 -0.07
16 19 3 0.845978926905597 8 0.08
16 20 3 0.947570136443023 0 0
16 20 1 0.809629736923593 -10 -0.1
16 21 4 0.768812416672223 9 0.09
16 22 6 0.734788747416638 5 0.05
16 22 3 0.920091615157812 1 0.01
16 23 4 0.714688231746335 -1 -0.01
16 23 3 0.73921224377928 -7 -0.07
16 24 3 0.814857410966111 7 0.07
16 25 6 0.714794257617737 8 0.08
16 25 3 0.750423590639441 5 0.05
16 26 4 0.714239416524919 30 0.3
16 26 3 0.807010643204916 7 0.07
16 27 3 0.833077265247689 6 0.06
16 28 3 0.851744272446432 3 0.03
16 29 4 0.768084832520621 -6 -0.06
16 29 3 0.702041239154054 -4 -0.04
16 31 3 0.811283285084163 -1 -0.01
16 41 3 0.860363737979197 6 0.06
16 42 3 0.887279916154252 -1 -0.01
16 43 3 0.771189338479471 7 0.07
16 44 3 0.761242220412362 -8 -0.08
16 45 3 0.803096400199356 2 0.02
16 46 6 0.722544155422876 2 0.02
16 47 6 0.70788699146823 7 0.07
16 47 1 0.746542936408092 -1 -0.01
16 48 6 0.735075205294059 9 0.09
16 48 1 0.711495491116003 -7 -0.07
16 65 3 0.847283896036575 6 0.06
16 70 3 0.82008665988652 0 0
16 70 1 0.701982159352484 -9 -0.09
16 80 4 0.766983589586904 -6 -0.06
16 86 3 0.783797379668398 -6 -0.06
16 90 6 0.749650908990024 5 0.05
16 90 3 0.753973955097072 0 0
16 91 3 0.932369533318021 -1 -0.01
16 92 3 0.746358660842929 -5 -0.05
17 18 4 0.773269394067418 -1 -0.01
17 19 3 0.710049651975257 -13 -0.13
17 20 10 0.733989765891038 4 0.04
17 20 3 0.788112864008482 -21 -0.21
17 20 1 0.781237945606685 -7 -0.07
17 21 3 0.788793349520287 -4 -0.04
17 22 6 0.946365276436113 2 0.02
17 22 10 0.779328296473327 -1 -0.01
17 24 3 0.742159459329144 -14 -0.14
17 25 6 0.835431360748509 6 0.06
17 25 10 0.777849008162327 -1 -0.01
17 26 6 0.758447893620661 6 0.06
17 26 3 0.800881469055538 -14 -0.14
17 27 6 0.94995400457966 2 0.02
17 27 3 0.763389804677153 -15 -0.15
17 27 5 0.752645279130886 -3 -0.03
17 28 4 0.746373534416444 -1 -0.01
17 28 3 0.736173996486138 -18 -0.18
17 29 6 0.743596713083771 5 0.05
17 41 4 0.752748326269815 -12 -0.12
17 42 6 0.712034321804843 2 0.02
17 42 4 0.817545260369941 -2 -0.02
17 42 3 0.781719217683538 -22 -0.22
17 43 4 0.702547833480873 0 0
17 44 4 0.775421856735607 -2 -0.02
17 45 10 0.769720656897253 -1 -0.01
17 45 3 0.763545891084274 -19 -0.19
17 47 1 0.732196815456693 1 0.01
17 48 4 0.748530460755733 0 0
17 49 4 0.734028268086401 -1 -0.01
17 65 3 0.747632320018223 -14 -0.14
17 65 5 0.724860704061307 -2 -0.02
17 81 6 0.707010766520646 -1 -0.01
17 90 6 0.808832984762653 3 0.03
17 91 6 0.714586058775453 -2 -0.02
17 91 10 0.824004698802214 0 0
17 91 3 0.791417768524057 -21 -0.21
17 92 10 0.716314305272388 -1 -0.01
18 19 4 0.729718551550248 0 0
18 19 3 0.848959613549684 4 0.04
18 20 6 0.716720100169258 1 0.01
18 20 3 0.745726238740954 -4 -0.04
18 21 3 0.763607243574554 12 0.12
18 22 3 0.866503332891016 8 0.08
18 23 3 0.917160049923394 0 0
18 24 3 0.939638948786812 3 0.03
18 25 3 0.933716508652497 0 0
18 26 3 0.837782598627672 3 0.03
18 27 3 0.916471820907742 2 0.02
18 28 3 0.837327960588561 -1 -0.01
18 29 4 0.718221657060849 -6 -0.06
18 29 3 0.790965851775469 3 0.03
18 31 3 0.835443385961506 6 0.06
18 41 3 0.739683659829458 14 0.14
18 42 4 0.736034621167809 -1 -0.01
18 42 3 0.780101306315213 -5 -0.05
18 43 3 0.9010703725787 2 0.02
18 44 10 0.743899289715995 1 0.01
18 44 4 0.718931934558768 -1 -0.01
18 44 3 0.870624395065355 0 0
18 45 3 0.722738921716567 -3 -0.03
18 46 3 0.718373115553388 4 0.04
18 47 10 0.741405192877295 5 0.05
18 49 7 0.705360435911969 -7 -0.07
18 65 3 0.827896412180985 2 0.02
18 70 3 0.721647627884976 7 0.07
18 79 3 0.775428281363468 5 0.05
18 81 3 0.764505848344154 6 0.06
18 86 3 0.941866547070908 1 0.01
18 90 5 0.710882961296062 -4 -0.04
18 91 3 0.725228146928645 7 0.07
18 92 3 0.872161403123784 2 0.02
18 92 5 0.737049656237375 -6 -0.06
19 20 4 0.78151381193142 0 0
19 20 3 0.873053550127129 -8 -0.08
19 21 3 0.757697627345481 8 0.08
19 22 4 0.70446689744754 1 0.01
19 22 3 0.837152323855599 -7 -0.07
19 23 3 0.852668173985353 -4 -0.04
19 24 3 0.902269096923525 -1 -0.01
19 25 3 0.865725104155492 -4 -0.04
19 26 3 0.886212782075121 -1 -0.01
19 27 4 0.830451716391896 -1 -0.01
19 27 3 0.904934187677289 -2 -0.02
19 28 3 0.869171291969192 -5 -0.05
19 29 3 0.702661164354535 -12 -0.12
19 31 3 0.845774567007948 2 0.02
19 41 3 0.785417339662937 -2 -0.02
19 42 4 0.847289745232468 -1 -0.01
19 42 3 0.884943238344667 -9 -0.09
19 43 4 0.730259862791408 1 0.01
19 43 3 0.785327341750802 -2 -0.02
19 44 4 0.791774105659037 -1 -0.01
19 44 3 0.718203357880583 -16 -0.16
19 44 1 0.76697850113876 7 0.07
19 45 4 0.74853819556123 0 0
19 45 3 0.712692358349784 -7 -0.07
19 46 4 0.708494644448363 1 0.01
19 46 3 0.781570950180245 -11 -0.11
19 48 6 0.73127020026771 -1 -0.01
19 48 4 0.796207253239359 1 0.01
19 49 4 0.926185168820792 0 0
19 65 3 0.891340886522766 -2 -0.02
19 70 3 0.749971224148454 -8 -0.08
19 81 6 0.811568387746996 0 0
19 86 3 0.76654601787239 -14 -0.14
19 90 3 0.776064666978444 -9 -0.09
19 91 3 0.836890026400237 -9 -0.09
19 92 10 0.740340361914799 0 0
19 92 3 0.741685048145472 -13 -0.13
20 22 10 0.780295652415983 -5 -0.05
20 22 4 0.778135894989808 0 0
20 22 3 0.877375666316993 1 0.01
20 22 1 0.774667628175647 9 0.09
20 23 3 0.76020149704682 5 0.05
20 24 3 0.857690654516277 7 0.07
20 25 3 0.789873295638194 5 0.05
20 26 10 0.738280837428477 17 0.17
20 26 3 0.891801352807761 7 0.07
20 27 4 0.909212941325905 -2 -0.02
20 27 3 0.897590936463717 6 0.06
20 28 3 0.888865444940676 3 0.03
20 28 1 0.731080334200247 -2 -0.02
20 31 3 0.745423830743216 -1 -0.01
20 31 1 0.938429526628575 4 0.04
20 41 6 0.83385957019605 -1 -0.01
20 41 3 0.881426152133795 6 0.06
20 41 1 0.953546009145944 3 0.03
20 42 10 0.798575732407086 0 0
20 42 4 0.849598902303259 -1 -0.01
20 42 3 0.974623716413848 -1 -0.01
20 42 1 0.946983858547759 3 0.03
20 43 6 0.892995562132719 -1 -0.01
20 43 4 0.814270909663432 0 0
20 43 3 0.827927649976233 7 0.07
20 43 1 0.938971832200918 3 0.03
20 44 4 0.814347787073107 -1 -0.01
20 44 1 0.834837748934155 4 0.04
20 45 4 0.845605484067297 0 0
20 45 3 0.903544366688939 2 0.02
20 45 1 0.939881855045796 6 0.06
20 46 3 0.762538264091553 -3 -0.03
20 46 1 0.719380884198462 1 0.01
20 47 1 0.779735850978242 8 0.08
20 48 4 0.815784790765578 1 0.01
20 48 1 0.834765192628725 3 0.03
20 49 4 0.736703444672011 -1 -0.01
20 65 3 0.831471854488389 7 0.07
20 65 1 0.845115660407029 -1 -0.01
20 70 6 0.815068631523648 -1 -0.01
20 70 3 0.799727693737754 0 0
20 70 1 0.802114176640363 1 0.01
20 80 1 0.73960252164993 8 0.08
20 81 3 0.773066707689594 11 0.11
20 81 1 0.80185347977415 14 0.14
20 86 6 0.748661403051666 -1 -0.01
20 86 3 0.744300833414425 -6 -0.06
20 86 1 0.791736751889838 7 0.07
20 90 3 0.787874393640329 -1 -0.01
20 90 1 0.855344006304596 -2 -0.02
20 91 10 0.766551165534818 -4 -0.04
20 91 3 0.950180210278787 0 0
20 92 6 0.763125479614856 -1 -0.01
20 92 3 0.728545459420706 -5 -0.05
21 23 3 0.707253830325009 -12 -0.12
21 24 3 0.761110348105192 -9 -0.09
21 25 3 0.722415192230081 -12 -0.12
21 26 4 0.737180824252637 21 0.21
21 26 3 0.749431577513206 -9 -0.09
21 27 3 0.735599381244905 -10 -0.1
21 28 4 0.779592694116564 23 0.23
21 28 3 0.704080903743516 -14 -0.14
21 29 4 0.804292250691951 -15 -0.15
21 31 3 0.743675857229889 -7 -0.07
21 44 3 0.717977796241181 -13 -0.13
21 70 3 0.709182533656304 -6 -0.06
21 79 4 0.80351291228711 -5 -0.05
21 92 4 0.769899473918015 3 0.03
22 23 3 0.792326871818559 -8 -0.08
22 24 3 0.839402599208264 -5 -0.05
22 25 6 0.797128521699052 4 0.04
22 25 3 0.791578637122863 -8 -0.08
22 26 6 0.751496132214884 4 0.04
22 26 10 0.732261195312202 21 0.21
22 26 3 0.753800737889432 6 0.06
22 27 6 0.945242887674602 0 0
22 27 3 0.798919505334753 5 0.05
22 27 4 0.906006948250049 -2 -0.02
22 28 3 0.771646757067202 2 0.02
22 29 6 0.748763632456171 3 0.03
22 29 3 0.879407590253659 -5 -0.05
22 31 3 0.797612839161775 -2 -0.02
22 31 5 0.744258795009154 1 0.01
22 41 4 0.783058364261727 -13 -0.13
22 41 3 0.889038492958314 6 0.06
22 42 6 0.809421290389419 0 0
22 42 10 0.795166510002857 5 0.05
22 42 4 0.741121881732815 -2 -0.02
22 42 3 0.828300329290228 -2 -0.02
22 43 3 0.807078457406846 -6 -0.06
22 44 4 0.783941393112428 -2 -0.02
22 44 3 0.849385600130101 -9 -0.09
22 45 4 0.806234990136545 -1 -0.01
22 45 3 0.747054079736646 -11 -0.11
22 46 6 0.773795064950446 -3 -0.03
22 46 4 0.737946927423947 -2 -0.02
22 46 3 0.803997217092521 -4 -0.04
22 47 1 0.794760512159761 0 0
22 48 10 0.74755840100052 3 0.03
22 48 4 0.725092366544184 1 0.01
22 49 10 0.768191824996848 4 0.04
22 49 4 0.725600843826415 -1 -0.01
22 65 3 0.787544669653167 6 0.06
22 70 3 0.785261543982903 -1 -0.01
22 79 3 0.801467963844675 -4 -0.04
22 81 3 0.715962007052198 -3 -0.03
22 86 3 0.896911742180479 -7 -0.07
22 90 6 0.751102600246255 1 0.01
22 90 3 0.853590175556154 -1 -0.01
22 90 4 0.821165170448522 -3 -0.03
22 91 6 0.731052655118306 -4 -0.04
22 91 10 0.743787803526973 1 0.01
22 91 3 0.852936955600877 -1 -0.01
22 92 3 0.890183590273061 -6 -0.06
23 24 6 0.890888297318267 0 0
23 24 4 0.779224873081619 1 0.01
23 24 3 0.89718989097875 3 0.03
23 25 6 0.855480883431561 1 0.01
23 25 3 0.979815702951193 0 0
23 26 6 0.885416141724146 2 0.02
23 26 4 0.718226750948428 18 0.18
23 26 3 0.846963584219041 2 0.02
23 27 3 0.930794576462595 1 0.01
23 28 3 0.76097271733962 -2 -0.02
23 29 3 0.755317849127889 3 0.03
23 31 3 0.827905960164667 5 0.05
23 41 6 0.715322486326634 1 0.01
23 42 3 0.758321580842258 -6 -0.06
23 43 3 0.871341995439318 2 0.02
23 44 3 0.776489642956439 -1 -0.01
23 46 6 0.715630679332466 8 0.08
23 46 3 0.725507128165306 4 0.04
23 49 6 0.851394297152423 3 0.03
23 65 3 0.886272333643399 2 0.02
23 70 6 0.806266946878174 1 0.01
23 79 3 0.745811395115859 4 0.04
23 80 3 0.71731479335508 16 0.16
23 86 6 0.786083334637999 0 0
23 86 3 0.882771155167665 1 0.01
23 90 6 0.835781680984718 -1 -0.01
23 91 10 0.708011905475137 -12 -0.12
23 91 3 0.797027294977794 -5 -0.05
23 92 6 0.76955961870512 2 0.02
23 92 3 0.853465277634218 1 0.01
24 25 6 0.895134063419036 1 0.01
24 25 3 0.917748109196532 -3 -0.03
24 26 6 0.928379901739092 1 0.01
24 26 4 0.708169714804747 -5 -0.05
24 26 3 0.90123768783811 0 0
24 27 3 0.951810973842474 -1 -0.01
24 28 3 0.900621374296174 -4 -0.04
24 29 3 0.803327785611969 0 0
24 31 3 0.818074149775717 3 0.03
24 41 3 0.770047288457944 -1 -0.01
24 42 3 0.864203638573317 -8 -0.08
24 43 3 0.90373741915284 -1 -0.01
24 44 3 0.824166994411339 -3 -0.03
24 45 3 0.802677151346003 -6 -0.06
24 46 3 0.723572969642131 2 0.02
24 49 6 0.84907873504896 2 0.02
24 65 3 0.911567781878884 -1 -0.01
24 70 6 0.726946303666621 1 0.01
24 70 3 0.731510093292334 -7 -0.07
24 79 3 0.782391304475925 2 0.02
24 80 6 0.71830879768349 25 0.25
24 81 3 0.759188104106019 3 0.03
24 86 3 0.907969963576885 -2 -0.02
24 90 6 0.828724845371379 -2 -0.02
24 90 3 0.70068736359844 -8 -0.08
24 91 3 0.855917104705688 -8 -0.08
24 92 6 0.840400373968613 1 0.01
24 92 3 0.809039775680274 -1 -0.01
25 26 6 0.925120675289236 0 0
25 26 3 0.863142193618207 2 0.02
25 27 6 0.799808409197653 -4 -0.04
25 27 3 0.952196265474327 1 0.01
25 28 6 0.721162097436378 2 0.02
25 28 3 0.82260967437344 -2 -0.02
25 29 6 0.71455536528636 -1 -0.01
25 29 3 0.734167354290671 3 0.03
25 31 10 0.772824742188111 0 0
25 31 3 0.816904693541103 5 0.05
25 41 3 0.726617898144163 1 0.01
25 42 3 0.788513530821717 -6 -0.06
25 43 3 0.893824776106321 1 0.01
25 44 3 0.782726748615943 -1 -0.01
25 45 6 0.737810462159092 8 0.08
25 45 10 0.862658764749766 0 0
25 46 3 0.742669812868728 4 0.04
25 49 6 0.85889597685633 2 0.02
25 65 3 0.89081183086588 2 0.02
25 79 3 0.719614596000375 4 0.04
25 86 3 0.904837785280458 1 0.01
25 90 6 0.949805658036621 -3 -0.03
25 91 3 0.788313708766751 -5 -0.05
25 92 10 0.78646306815422 0 0
25 92 3 0.839965420609686 1 0.01
26 27 6 0.715625448770643 -4 -0.04
26 27 3 0.940283899396559 -1 -0.01
26 28 6 0.71998083128124 2 0.02
26 28 4 0.731705411869618 2 0.02
26 28 3 0.823525368342452 -4 -0.04
26 31 3 0.827351384988427 3 0.03
26 41 3 0.733600683744788 -1 -0.01
26 42 10 0.761284443260509 -16 -0.16
26 42 3 0.882948085505893 -8 -0.08
26 43 3 0.772799714871116 -1 -0.01
26 44 3 0.748825028432125 -3 -0.03
26 45 3 0.778121847167703 -5 -0.05
26 49 6 0.896982903905243 1 0.01
26 65 3 0.868203620155252 0 0
26 70 3 0.761377047203534 -7 -0.07
26 79 4 0.80269795963481 -26 -0.26
26 79 3 0.711563502514694 2 0.02
26 80 4 0.801000529543387 -24 -0.24
26 86 3 0.774078150051723 -2 -0.02
26 90 6 0.910279104160577 -3 -0.03
26 91 3 0.88769408317156 -7 -0.07
26 92 6 0.726206579088888 0 0
26 92 4 0.73390320853202 -18 -0.18
26 92 3 0.720559942382148 -1 -0.01
27 28 10 0.857441459889264 0 0
27 28 3 0.873310023448922 -3 -0.03
27 29 6 0.707246903640769 3 0.03
27 29 3 0.74709896769513 1 0.01
27 31 3 0.809605686466003 4 0.04
27 41 4 0.716898200329954 -10 -0.1
27 41 3 0.780011455353645 0 0
27 42 10 0.720285318155506 9 0.09
27 42 4 0.895564096284402 1 0.01
27 42 3 0.897780384713814 -7 -0.07
27 43 4 0.735999907774583 3 0.03
27 43 3 0.879746910303298 0 0
27 44 10 0.758423698845482 -1 -0.01
27 44 4 0.861983641526736 0 0
27 44 3 0.756220337114402 -2 -0.02
27 45 4 0.885426375833071 1 0.01
27 45 3 0.747383014251704 -5 -0.05
27 46 4 0.779417248490124 1 0.01
27 46 3 0.711469809099162 -9 -0.09
27 47 7 0.746619814207102 8 0.08
27 48 10 0.718955491838245 8 0.08
27 48 4 0.863864824094454 3 0.03
27 49 4 0.791014838824804 1 0.01
27 65 3 0.880690739084686 1 0.01
27 65 5 0.830150860051724 1 0.01
27 70 3 0.796115829810365 -6 -0.06
27 79 3 0.727516462272755 3 0.03
27 81 3 0.737435270079452 4 0.04
27 86 3 0.855346264112982 -1 -0.01
27 90 6 0.74703276228261 1 0.01
27 90 4 0.803941130627135 -1 -0.01
27 91 6 0.747993427597098 -3 -0.03
27 91 3 0.884239819813509 -6 -0.06
27 91 5 0.757526799883538 2 0.02
27 92 3 0.788267111073434 0 0
28 41 3 0.858005568347556 3 0.03
28 42 3 0.894277911335398 -4 -0.04
28 43 3 0.81192063369958 3 0.03
28 44 10 0.758572733357894 -1 -0.01
28 44 3 0.774347212072503 1 0.01
28 45 3 0.815920900938492 -1 -0.01
28 46 3 0.737175707475792 -6 -0.06
28 48 6 0.888131886769894 0 0
28 65 3 0.837072398262422 3 0.03
28 79 4 0.854668573183097 -28 -0.28
28 80 4 0.771430174308895 -26 -0.26
28 81 3 0.811958890136977 7 0.07
28 86 3 0.743888879092134 2 0.02
28 90 6 0.788949871079812 -5 -0.05
28 90 3 0.849898484911871 -4 -0.04
28 91 4 0.725222076228266 -21 -0.21
28 91 3 0.794521705100967 -3 -0.03
28 91 5 0.758123162475084 1 0.01
28 92 4 0.737127138938474 -20 -0.2
29 41 3 0.797033319952224 11 0.11
29 43 3 0.761961053052472 -1 -0.01
29 44 3 0.822645110512245 -4 -0.04
29 45 3 0.778669355230212 -6 -0.06
29 46 3 0.785383135328216 1 0.01
29 47 1 0.833848255401591 -2 -0.02
29 48 1 0.774345204607813 -7 -0.07
29 79 3 0.913595561599868 1 0.01
29 80 4 0.86665604466845 0 0
29 80 3 0.804278736270728 13 0.13
29 80 5 0.896146774588381 2 0.02
29 86 3 0.816214893332225 -2 -0.02
29 90 3 0.794547100868933 4 0.04
29 92 3 0.845314772254411 -1 -0.01
31 42 6 0.717399388170856 2 0.02
31 44 3 0.735781603497339 -6 -0.06
31 45 6 0.791333741774504 1 0.01
31 47 1 0.769503616456826 4 0.04
31 48 1 0.818483512825431 -1 -0.01
31 65 3 0.78462455465554 7 0.07
31 70 3 0.703012052988835 1 0.01
31 70 1 0.88508070179347 -3 -0.03
31 86 3 0.773351830553468 -5 -0.05
31 91 6 0.720990157026519 -4 -0.04
31 91 10 0.719024644035943 1 0.01
31 91 3 0.862308411936494 0 0
31 91 5 0.744822862978409 3 0.03
31 92 3 0.773316964019621 -4 -0.04
32 33 1 0.901151672270433 0 0
32 33 3 0.936562553415569 -1 -0.01
32 35 3 0.952781029863381 -1 -0.01
32 36 3 0.805587481552662 2 0.02
32 36 5 0.810890612049704 -1 -0.01
32 37 3 0.708955339346682 7 0.07
32 40 8 0.77897910962146 1 0.01
32 40 3 0.891599304964017 1 0.01
32 54 3 0.810503294358963 1 0.01
32 54 5 0.744074513465027 -1 -0.01
32 55 3 0.969369198779264 1 0.01
32 56 1 0.826832401302113 0 0
32 56 4 0.762391828376538 -11 -0.11
32 56 3 0.93297458803565 0 0
32 57 1 0.759435778582291 1 0.01
32 57 4 0.755819097572848 -11 -0.11
32 57 6 0.770799363817788 -2 -0.02
32 57 10 0.750534152307773 -3 -0.03
32 58 3 0.941527057792921 -1 -0.01
32 58 5 0.714821653727794 -13 -0.13
32 59 3 0.934023391438046 0 0
32 59 5 0.77759902388093 -2 -0.02
32 61 4 0.730005583828869 -10 -0.1
32 61 3 0.961266667283126 1 0.01
32 61 5 0.851942189603745 -3 -0.03
32 63 3 0.910224685710529 1 0.01
32 64 1 0.897749699225454 -1 -0.01
32 64 9 0.750624840635251 -5 -0.05
32 64 3 0.85985548422331 -9 -0.09
32 64 5 0.716117214353219 -10 -0.1
32 66 1 0.913233048644813 0 0
32 66 5 0.918168653678107 -2 -0.02
32 66 3 0.964138699564896 0 0
32 66 4 0.762603157315705 -11 -0.11
32 67 8 0.705545223443345 0 0
32 67 1 0.826660320551475 1 0.01
32 67 3 0.975720609350566 1 0.01
32 68 1 0.887539734159105 1 0.01
32 68 5 0.940793857539761 -1 -0.01
32 68 3 0.962234482087422 1 0.01
32 68 4 0.887019956859768 0 0
32 69 5 0.734275367237584 -1 -0.01
32 75 1 0.938613280705595 0 0
32 75 4 0.763475677502653 0 0
32 75 3 0.901634780174262 0 0
32 75 5 0.775334825165033 -1 -0.01
32 76 1 0.839478784720764 0 0
32 76 4 0.761398426177106 -12 -0.12
32 76 3 0.976281237224753 -1 -0.01
32 76 5 0.881006449191873 -2 -0.02
32 78 1 0.825765245623533 2 0.02
32 78 4 0.734649856710727 -9 -0.09
32 78 3 0.741388049201839 1 0.01
32 82 1 0.839380228564683 2 0.02
32 82 3 0.929675828442771 -5 -0.05
32 82 5 0.756372946474484 -6 -0.06
32 83 4 0.817479546905318 2 0.02
32 83 3 0.915284071068711 -8 -0.08
32 84 8 0.73609369502177 1 0.01
32 84 1 0.883168175534003 -1 -0.01
32 84 3 0.798827696827605 2 0.02
32 84 9 0.710998576619034 14 0.14
32 85 1 0.724854640152525 5 0.05
32 85 3 0.845444118142355 1 0.01
32 87 1 0.731339962151747 5 0.05
32 87 3 0.794625787552576 -5 -0.05
32 87 5 0.817793616456005 -5 -0.05
32 88 8 0.765646326770051 1 0.01
32 88 1 0.743905759326243 3 0.03
32 88 5 0.765868434252635 -3 -0.03
32 88 3 0.963148849620395 0 0
32 89 3 0.958235382762444 2 0.02
33 35 3 0.866694890950898 0 0
33 36 3 0.730557828481822 3 0.03
33 37 3 0.71820370956113 8 0.08
33 38 8 0.76230091031401 0 0
33 40 8 0.717414855786713 -18 -0.18
33 40 3 0.781773759071567 2 0.02
33 54 8 0.811451407936363 1 0.01
33 55 8 0.888419257157752 -1 -0.01
33 55 9 0.785219310916361 1 0.01
33 55 3 0.956962557054706 2 0.02
33 56 8 0.916682579448503 1 0.01
33 56 1 0.886264500746168 0 0
33 56 9 0.820515667331628 -6 -0.06
33 56 3 0.876067219426441 1 0.01
33 57 8 0.875920810830788 -2 -0.02
33 57 1 0.82556800478019 0 0
33 58 8 0.853380400582969 2 0.02
33 58 9 0.724083881705084 4 0.04
33 58 3 0.951816996546637 0 0
33 59 8 0.850932097601892 3 0.03
33 59 3 0.862353495255293 2 0.02
33 61 8 0.903013897908442 1 0.01
33 61 9 0.829346113997828 5 0.05
33 61 3 0.973746209726202 2 0.02
33 63 8 0.716883227533569 2 0.02
33 63 3 0.952525127289652 2 0.02
33 63 9 0.891685633686969 4 0.04
33 64 1 0.856925195400079 -1 -0.01
33 64 9 0.72073035438213 2 0.02
33 64 3 0.857574975670363 -8 -0.08
33 66 8 0.939634656772247 0 0
33 66 1 0.919880586234552 0 0
33 66 9 0.868432199314654 4 0.04
33 66 3 0.959282130961679 1 0.01
33 67 8 0.933372293180203 1 0.01
33 67 1 0.771898531845063 1 0.01
33 67 3 0.967037553401302 2 0.02
33 68 8 0.948596016852507 0 0
33 68 1 0.945346016293341 1 0.01
33 68 3 0.959168482494783 2 0.02
33 69 8 0.840072581713003 1 0.01
33 75 8 0.732044343606685 1 0.01
33 75 1 0.918245923228394 0 0
33 75 3 0.878125279031617 1 0.01
33 76 8 0.938784566181458 1 0.01
33 76 1 0.87531109181304 0 0
33 76 9 0.896333631590049 2 0.02
33 76 3 0.962598005091687 0 0
33 78 1 0.890902835403508 1 0.01
33 78 3 0.729397495750151 2 0.02
33 82 1 0.782804226277957 1 0.01
33 82 3 0.921860698250864 -4 -0.04
33 83 1 0.765281354709854 0 0
33 83 3 0.828512655639732 -7 -0.07
33 84 8 0.769268029092064 1 0.01
33 84 1 0.798183362909363 -1 -0.01
33 84 3 0.803062005427653 3 0.03
33 85 8 0.835101228276771 2 0.02
33 85 3 0.757971839039251 2 0.02
33 87 9 0.852503056253021 -1 -0.01
33 87 3 0.748962148185939 -5 -0.05
33 88 8 0.788335920459577 2 0.02
33 88 1 0.723611353227149 2 0.02
33 88 3 0.881121337942639 1 0.01
33 88 9 0.79462616417456 -2 -0.02
33 89 8 0.721640671178684 3 0.03
33 89 3 0.872424839739301 3 0.03
35 36 9 0.941223027088965 1 0.01
35 36 3 0.806892704224982 2 0.02
35 36 5 0.922094726827279 0 0
35 37 9 0.91511711639762 0 0
35 40 9 0.875941874857375 0 0
35 40 3 0.909271692515344 1 0.01
35 40 5 0.713526161133586 -1 -0.01
35 54 3 0.860862957393553 2 0.02
35 55 3 0.91019188603735 1 0.01
35 56 4 0.779140981143611 4 0.04
35 56 3 0.919603312034612 0 0
35 58 3 0.922001227976937 -1 -0.01
35 58 9 0.717719349944735 -8 -0.08
35 58 5 0.727448894054006 0 0
35 59 1 0.733105682739686 10 0.1
35 59 3 0.927615263874107 1 0.01
35 59 5 0.84461075207531 -1 -0.01
35 61 1 0.833008718530878 -1 -0.01
35 61 3 0.907095690200747 2 0.02
35 61 9 0.700805385833041 -7 -0.07
35 61 5 0.845969550122513 -3 -0.03
35 63 3 0.843142773531877 2 0.02
35 67 3 0.921963800906008 1 0.01
35 68 3 0.91584962950242 1 0.01
35 68 5 0.910502719506664 0 0
35 69 3 0.718526793522876 -1 -0.01
35 75 8 0.741259149118026 9 0.09
35 75 3 0.832200547431261 0 0
35 76 3 0.921005165124277 0 0
35 76 5 0.944022857299957 -1 -0.01
35 78 3 0.755486451607011 1 0.01
35 78 5 0.853526188154746 4 0.04
35 82 3 0.872641231396993 -4 -0.04
35 82 5 0.925579362408274 -5 -0.05
35 82 9 0.809934186686344 0 0
35 84 3 0.767052946328098 3 0.03
35 85 3 0.90892934778255 1 0.01
35 87 3 0.820266284221217 -5 -0.05
35 87 9 0.773583013583508 -3 -0.03
35 87 5 0.903619133596723 -4 -0.04
35 88 4 0.835918373079536 0 0
35 88 3 0.937842200748771 1 0.01
35 88 5 0.786929598716726 -3 -0.03
36 37 8 0.802788428963724 1 0.01
36 37 9 0.784350678733279 -1 -0.01
36 37 5 0.824322280745835 2 0.02
36 40 9 0.855184763554162 -1 -0.01
36 40 3 0.954522796017746 -1 -0.01
36 40 5 0.793707103357598 -1 -0.01
36 55 8 0.758466431074764 12 0.12
36 55 3 0.790543422073023 -1 -0.01
36 56 3 0.863858964902521 -2 -0.02
36 56 5 0.785985488243478 -4 -0.04
36 57 8 0.704026826599955 12 0.12
36 58 8 0.753929386197992 15 0.15
36 58 3 0.719282707033273 -3 -0.03
36 58 5 0.785103448698675 0 0
36 59 8 0.744349887445746 16 0.16
36 59 3 0.752058649364163 -1 -0.01
36 59 5 0.803520207542189 -1 -0.01
36 61 3 0.727482650208187 -1 -0.01
36 61 5 0.77216729985947 -3 -0.03
36 63 3 0.724574270796864 -15 -0.15
36 66 3 0.765952350971155 -1 -0.01
36 66 5 0.85849349560951 -1 -0.01
36 67 3 0.808057349297688 -1 -0.01
36 67 5 0.875759025369172 0 0
36 68 3 0.774691964011422 -1 -0.01
36 68 5 0.865874988533059 0 0
36 69 5 0.700346135595639 13 0.13
36 75 9 0.702962025838753 -6 -0.06
36 75 3 0.797997903647177 -2 -0.02
36 76 8 0.703033374646553 14 0.14
36 76 3 0.775012383469848 -3 -0.03
36 76 5 0.862384696870261 -1 -0.01
36 78 5 0.795436105425523 4 0.04
36 82 3 0.751581587467941 -6 -0.06
36 82 9 0.741162638576672 -1 -0.01
36 82 5 0.887457003699453 -5 -0.05
36 84 9 0.731436780066635 9 0.09
36 85 3 0.702956072387809 -2 -0.02
36 87 8 0.931612103603675 0 0
36 87 3 0.79331092756527 -7 -0.07
36 87 9 0.788793966247833 -4 -0.04
36 87 5 0.813167543424355 -4 -0.04
36 88 3 0.853114359693486 -2 -0.02
36 88 5 0.703028008382387 -3 -0.03
36 89 9 0.738197312118973 0 0
36 89 3 0.831892253846469 0 0
37 40 9 0.798599336037602 0 0
37 54 1 0.783656078419344 0 0
37 55 3 0.739249200227888 -6 -0.06
37 56 9 0.719760421227386 -7 -0.07
37 58 3 0.772923716724855 -8 -0.08
37 58 5 0.872250382569605 -2 -0.02
37 59 3 0.763216687114012 -6 -0.06
37 67 3 0.727216017750377 -6 -0.06
37 68 3 0.716197832172963 -6 -0.06
37 68 5 0.711405502849294 -2 -0.02
37 75 3 0.711677760050076 -7 -0.07
37 76 9 0.725843873827956 1 0.01
37 84 3 0.835508435127453 -5 -0.05
37 87 8 0.839696857327631 -1 -0.01
37 87 9 0.760198533504078 -3 -0.03
37 89 3 0.704617908040157 -4 -0.04
38 54 8 0.845352779516393 2 0.02
38 56 8 0.755851772465136 1 0.01
38 59 8 0.883683217676624 3 0.03
38 66 8 0.730228432392775 11 0.11
38 67 8 0.795056145352392 1 0.01
38 89 8 0.810885841121582 3 0.03
40 54 8 0.778600216520305 0 0
40 54 3 0.767909714469591 0 0
40 55 4 0.72459578624209 -19 -0.19
40 55 3 0.855871614385242 0 0
40 56 8 0.782741756703346 19 0.19
40 56 3 0.932757029111255 -1 -0.01
40 57 8 0.750807204798571 17 0.17
40 58 4 0.793244329006854 -19 -0.19
40 58 3 0.793849298275496 -2 -0.02
40 59 4 0.711070555092367 -20 -0.2
40 59 3 0.830282409626564 0 0
40 61 3 0.811713386803657 1 0.01
40 63 3 0.778564421303854 -13 -0.13
40 63 5 0.767649999289256 1 0.01
40 64 3 0.7817564833844 -9 -0.09
40 66 8 0.700797896218549 19 0.19
40 66 3 0.847981060027733 0 0
40 67 8 0.716241378311622 0 0
40 67 3 0.876711563488943 0 0
40 68 3 0.84928476381729 0 0
40 69 8 0.76597993961018 0 0
40 69 3 0.728023772211536 -2 -0.02
40 69 5 0.707775751551907 14 0.14
40 75 3 0.859875049751049 -1 -0.01
40 76 8 0.754194599737688 19 0.19
40 76 3 0.844684665177543 -2 -0.02
40 78 4 0.706845594786569 -3 -0.03
40 82 3 0.817635095572686 -5 -0.05
40 82 5 0.733168921104117 -4 -0.04
40 84 8 0.885611000895231 0 0
40 85 3 0.786347870633949 0 0
40 87 1 0.701209776104922 0 0
40 87 3 0.833037932922466 -6 -0.06
40 88 8 0.810856566211017 1 0.01
40 88 3 0.926254265016338 -1 -0.01
40 89 8 0.770201554424313 2 0.02
40 89 9 0.770587004399938 1 0.01
40 89 3 0.905269542443466 1 0.01
40 89 5 0.716779536326023 -2 -0.02
41 42 4 0.795461396583747 11 0.11
41 42 3 0.868673654792929 -7 -0.07
41 43 6 0.921343706445348 1 0.01
41 43 10 0.723235548509212 0 0
41 43 4 0.701063347288504 12 0.12
41 43 3 0.830207161794217 0 0
41 44 4 0.842306675640642 10 0.1
41 44 3 0.748426962517859 -14 -0.14
41 45 4 0.750306624941226 11 0.11
41 45 3 0.806570913755657 -4 -0.04
41 46 3 0.836005013067839 -9 -0.09
41 47 1 0.865434607752574 4 0.04
41 47 7 0.81349523153468 6 0.06
41 48 10 0.707561192705187 6 0.06
41 48 4 0.747172922600273 13 0.13
41 48 1 0.893657161769433 0 0
41 49 10 0.703355994786245 7 0.07
41 49 7 0.704794222532993 6 0.06
41 65 3 0.754995321794626 0 0
41 70 6 0.90792748669755 0 0
41 70 1 0.834194566883694 -2 -0.02
41 79 3 0.724145576536616 -9 -0.09
41 81 4 0.800005258956889 -4 -0.04
41 81 3 0.828515247016771 5 0.05
41 86 6 0.852910092242717 0 0
41 86 3 0.826607502692208 -13 -0.13
41 90 4 0.886893142628434 9 0.09
41 90 3 0.879228379217933 -7 -0.07
41 91 10 0.786680980943532 3 0.03
41 91 3 0.812187144504807 -7 -0.07
41 92 6 0.756627086041585 0 0
41 92 3 0.841279473971087 -12 -0.12
42 43 4 0.844439661963437 2 0.02
42 43 3 0.807443792246408 8 0.08
42 44 4 0.941238863179533 0 0
42 45 4 0.866291953101327 1 0.01
42 45 3 0.891609764689226 3 0.03
42 46 6 0.723992219075565 -3 -0.03
42 46 3 0.803125008947992 -2 -0.02
42 47 1 0.805041389200607 4 0.04
42 47 7 0.949626032512025 1 0.01
42 48 10 0.779587699420454 -1 -0.01
42 48 6 0.789984549703747 4 0.04
42 48 4 0.936146499046158 2 0.02
42 48 1 0.931038176537107 0 0
42 49 10 0.919922209038086 0 0
42 49 4 0.807501677154848 1 0.01
42 49 7 0.916890887510861 1 0.01
42 65 3 0.81588396961136 7 0.07
42 70 3 0.726845594972903 1 0.01
42 70 1 0.808583144583368 -2 -0.02
42 81 4 0.704775396862939 2 0.02
42 81 3 0.80684740238874 12 0.12
42 86 3 0.715155512641376 -5 -0.05
42 90 4 0.807446104461674 -1 -0.01
42 90 3 0.818282457573455 0 0
42 91 10 0.76667021534167 -4 -0.04
42 91 3 0.896315032090479 1 0.01
42 91 5 0.725191488858532 -3 -0.03
43 44 4 0.843025021908181 -2 -0.02
43 44 3 0.77121429737729 -2 -0.02
43 45 4 0.786223021825738 -1 -0.01
43 45 3 0.758312341775868 -5 -0.05
43 46 3 0.849398242102894 3 0.03
43 47 1 0.833339220792875 5 0.05
43 47 7 0.758436171015527 1 0.01
43 48 4 0.795286382364376 0 0
43 48 1 0.894600691426265 0 0
43 49 10 0.757551030480341 -1 -0.01
43 49 7 0.844219723951022 0 0
43 65 3 0.799178741043151 0 0
43 70 6 0.867738437411825 -1 -0.01
43 70 1 0.79746767212047 -1 -0.01
43 80 5 0.709971361815424 8 0.08
43 81 3 0.788473645501093 4 0.04
43 86 6 0.831532451304806 -1 -0.01
43 86 3 0.939943497965748 -1 -0.01
43 90 3 0.779663663917669 6 0.06
43 91 3 0.810430478635986 -7 -0.07
43 92 6 0.714982840525545 0 0
43 92 3 0.84226862609772 0 0
44 45 4 0.931439310443474 1 0.01
44 45 3 0.709762359586224 -3 -0.03
44 46 4 0.764547209164718 1 0.01
44 46 3 0.730037681666101 4 0.04
44 47 7 0.702886268607139 7 0.07
44 48 10 0.709523966672793 9 0.09
44 48 4 0.84891694692303 2 0.02
44 48 1 0.742991134112636 -2 -0.02
44 49 10 0.726824526915982 10 0.1
44 49 4 0.754885416320584 1 0.01
44 70 3 0.765392276213129 7 0.07
44 79 3 0.838029582825976 5 0.05
44 81 4 0.720457094545948 -14 -0.14
44 86 3 0.837264929062922 1 0.01
44 90 4 0.875811914939656 -1 -0.01
44 90 3 0.71981294205005 8 0.08
44 91 6 0.822237489072563 -1 -0.01
44 91 3 0.72233932738168 7 0.07
44 92 3 0.789747379351026 2 0.02
45 46 10 0.836437157613737 0 0
45 46 4 0.866636410721585 0 0
45 47 1 0.763855837170479 1 0.01
45 48 4 0.717252574249074 2 0.02
45 48 1 0.886810388006707 -3 -0.03
45 49 6 0.739569009752789 -7 -0.07
45 49 6 0.739569009752789 -7 -0.07
45 65 3 0.723768460878892 5 0.05
45 79 3 0.710178823119014 8 0.08
45 81 3 0.753670021592325 9 0.09
45 90 4 0.825243860315967 -2 -0.02
45 90 3 0.801090068613914 11 0.11
45 91 3 0.853332835862737 -2 -0.02
45 92 10 0.876593080935343 0 0
46 47 7 0.795836158167267 7 0.07
46 48 10 0.770904675933293 1 0.01
46 48 6 0.73420187640755 7 0.07
46 48 1 0.74016397012404 1 0.01
46 79 3 0.701236129347913 0 0
46 80 3 0.704914753093324 12 0.12
46 81 3 0.741255455547789 14 0.14
46 86 3 0.844438911946014 -4 -0.04
46 90 4 0.701845827466157 -2 -0.02
46 90 3 0.817539906293015 3 0.03
46 91 6 0.70363081537222 -2 -0.02
46 92 10 0.835557472878054 0 0
46 92 3 0.83346466394641 -2 -0.02
47 48 1 0.877722819487593 -5 -0.05
47 49 10 0.758708491427329 6 0.06
47 49 7 0.836110422004937 -1 -0.01
47 65 1 0.744348692293644 -8 -0.08
47 80 1 0.733474060509059 -1 -0.01
47 86 1 0.754506624955496 0 0
47 91 7 0.843739878866635 -3 -0.03
48 49 10 0.864106298776157 1 0.01
48 49 6 0.719693359087547 0 0
48 49 4 0.806897464737222 -1 -0.01
48 65 1 0.920800093407313 -3 -0.03
48 70 4 0.715382466249394 23 0.23
48 70 1 0.729167714579304 -2 -0.02
48 79 1 0.790990924177716 5 0.05
48 81 4 0.742196937640397 0 0
48 81 1 0.737401831873879 12 0.12
48 86 1 0.830609258289993 5 0.05
48 90 4 0.754237472509392 -4 -0.04
48 90 1 0.752541739769256 -4 -0.04
48 91 10 0.798148353354961 -3 -0.03
49 90 6 0.814613048325503 -4 -0.04
49 91 7 0.791864541123908 -3 -0.03
49 92 6 0.766157712981299 -1 -0.01
51 60 8 0.781805244647365 -1 -0.01
51 60 9 0.920531937330466 2 0.02
51 74 8 0.880985214089578 -1 -0.01
51 74 1 0.926043551764803 0 0
51 74 9 0.92256822310824 0 0
51 74 5 0.708811775582309 -2 -0.02
51 74 3 0.754143426021245 -4 -0.04
54 55 8 0.79436824195716 -2 -0.02
54 55 3 0.722597406097693 0 0
54 56 8 0.783790833809125 -1 -0.01
54 56 3 0.768226322580085 -1 -0.01
54 56 5 0.760305382479143 -4 -0.04
54 57 8 0.785317228293387 -3 -0.03
54 58 8 0.833186540242872 0 0
54 58 3 0.706222216979335 -16 -0.16
54 59 8 0.900005643439635 1 0.01
54 59 3 0.739381399005469 -1 -0.01
54 59 5 0.717292726506343 -1 -0.01
54 61 3 0.710963649976059 1 0.01
54 61 5 0.796498433347498 -2 -0.02
54 63 8 0.789667074135688 1 0.01
54 63 3 0.741823704391511 -14 -0.14
54 66 8 0.764418474576137 -1 -0.01
54 66 3 0.723977614828331 0 0
54 66 5 0.795256440812994 -1 -0.01
54 67 8 0.874993934951553 0 0
54 67 3 0.732822749331635 0 0
54 67 5 0.770107190365115 0 0
54 68 8 0.845252204904503 -1 -0.01
54 68 3 0.71000252294354 0 0
54 68 5 0.736530101946776 0 0
54 69 8 0.930041624644507 0 0
54 69 3 0.880288384614022 -2 -0.02
54 76 8 0.829893927266874 -1 -0.01
54 76 3 0.751374623118673 -2 -0.02
54 76 5 0.75869221883963 -1 -0.01
54 82 8 0.745202198750426 1 0.01
54 82 3 0.705783072093358 -6 -0.06
54 83 3 0.850324943565199 -9 -0.09
54 83 5 0.724563964554011 -1 -0.01
54 84 8 0.941160202750099 0 0
54 84 3 0.709500484850858 -12 -0.12
54 85 8 0.884229603780236 1 0.01
54 85 3 0.752763676834999 -1 -0.01
54 87 8 0.738192323107278 -5 -0.05
54 87 3 0.734522861093602 -6 -0.06
54 87 5 0.757455280883067 -3 -0.03
54 88 8 0.847842426422841 1 0.01
54 88 3 0.829745897056925 -1 -0.01
54 88 5 0.762460750853186 -2 -0.02
54 89 8 0.768739169484139 2 0.02
54 89 3 0.777703522736942 1 0.01
55 56 8 0.826333251039943 1 0.01
55 56 4 0.928699405556303 -1 -0.01
55 56 3 0.904998659214857 -1 -0.01
55 57 8 0.911574475358711 -1 -0.01
55 57 4 0.912053927705611 -1 -0.01
55 58 8 0.929417208361894 2 0.02
55 58 4 0.843502011611691 0 0
55 58 3 0.970107003215666 -2 -0.02
55 58 9 0.771929353004207 2 0.02
55 58 6 0.773311979726072 -1 -0.01
55 59 8 0.936666918766722 3 0.03
55 59 4 0.850534958311221 -1 -0.01
55 59 3 0.947270498938271 0 0
55 61 8 0.842274894735965 2 0.02
55 61 4 0.870738487265159 0 0
55 61 3 0.969168170874439 0 0
55 61 9 0.808098757734096 3 0.03
55 63 3 0.943560869994022 0 0
55 63 9 0.800771392846949 3 0.03
55 64 9 0.731742272160275 0 0
55 64 3 0.853950346541594 -10 -0.1
55 66 8 0.842118188060651 1 0.01
55 66 4 0.842933196174597 -1 -0.01
55 66 3 0.96553008153286 -1 -0.01
55 66 9 0.817683231605189 3 0.03
55 67 8 0.805097484066776 2 0.02
55 67 3 0.989299778242286 0 0
55 67 6 0.728246811959585 0 0
55 68 8 0.858525891483459 1 0.01
55 68 3 0.982736303891978 0 0
55 69 8 0.794049958374119 2 0.02
55 75 8 0.712739377910642 2 0.02
55 75 3 0.857002160758282 -1 -0.01
55 76 8 0.907768763200051 2 0.02
55 76 4 0.902779536178156 -2 -0.02
55 76 3 0.980988590876918 -2 -0.02
55 76 9 0.772822908186938 1 0.01
55 78 4 0.766703171359038 0 0
55 78 3 0.808871554655386 0 0
55 82 8 0.774059078922495 -7 -0.07
55 82 3 0.955897649564566 -6 -0.06
55 82 9 0.708855472983006 9 0.09
55 84 3 0.805154040755452 2 0.02
55 85 8 0.803475695321855 3 0.03
55 85 3 0.768450237930551 0 0
55 87 8 0.759440650293555 -12 -0.12
55 87 4 0.869339672921946 0 0
55 87 3 0.751267001825647 -6 -0.06
55 87 6 0.874284588533039 -1 -0.01
55 88 4 0.801530130029787 -5 -0.05
55 88 3 0.934103369347974 -1 -0.01
55 89 8 0.724857921764825 3 0.03
55 89 3 0.931214831409395 1 0.01
56 57 8 0.892720107633684 -2 -0.02
56 57 1 0.963274334523153 0 0
56 57 4 0.951807665445363 0 0
56 57 6 0.850976466502218 0 0
56 57 10 0.86141330863494 5 0.05
56 58 8 0.865925905464877 1 0.01
56 58 1 0.835881353504075 2 0.02
56 58 4 0.828628298672607 1 0.01
56 58 9 0.718301965146992 10 0.1
56 58 3 0.862212876956776 -1 -0.01
56 59 8 0.870978008279036 2 0.02
56 59 4 0.85118431817083 0 0
56 59 3 0.868841783057515 1 0.01
56 59 5 0.835788037123601 4 0.04
56 61 8 0.819447660170555 0 0
56 61 9 0.702749539850829 10 0.1
56 61 4 0.924712150308835 1 0.01
56 61 3 0.907193208103573 2 0.02
56 63 8 0.709627904232684 2 0.02
56 63 4 0.713218327399491 1 0.01
56 63 9 0.739168401907566 10 0.1
56 63 3 0.827962330737757 2 0.02
56 64 1 0.827876894961225 0 0
56 64 3 0.879733828991843 -8 -0.08
56 66 8 0.873268821640729 0 0
56 66 1 0.9638596232083 0 0
56 66 9 0.743194411899165 10 0.1
56 66 4 0.909244992814857 0 0
56 66 3 0.934188971025867 1 0.01
56 67 8 0.863601907771094 0 0
56 67 1 0.810227667000977 2 0.02
56 67 3 0.938921127652501 1 0.01
56 68 8 0.862036627653105 -1 -0.01
56 68 1 0.927116915356223 2 0.02
56 68 3 0.933645558740164 1 0.01
56 69 8 0.839743775418845 0 0
56 69 3 0.729278335229806 -1 -0.01
56 75 1 0.886942030001235 1 0.01
56 75 3 0.876079596046062 0 0
56 76 8 0.947497210080479 0 0
56 76 1 0.978953444433595 0 0
56 76 9 0.892554805507957 8 0.08
56 76 4 0.927206213451665 -1 -0.01
56 76 3 0.929362046679181 -1 -0.01
56 78 1 0.946379487315584 2 0.02
56 78 4 0.816797811511469 2 0.02
56 78 3 0.738444668838515 2 0.02
56 82 1 0.732025054117208 1 0.01
56 82 3 0.921980965660329 -4 -0.04
56 83 1 0.764209794674659 1 0.01
56 83 4 0.797112206020872 13 0.13
56 83 3 0.937035269065059 -7 -0.07
56 84 8 0.788804658064407 -19 -0.19
56 84 1 0.733046754443364 -1 -0.01
56 85 8 0.853061908382857 2 0.02
56 85 3 0.793848192686772 1 0.01
56 87 8 0.701459083826844 -14 -0.14
56 87 4 0.851125544004081 1 0.01
56 87 9 0.828674033688609 5 0.05
56 87 3 0.915104732917263 -5 -0.05
56 88 8 0.778268943509947 1 0.01
56 88 1 0.748952234925113 3 0.03
56 88 4 0.891832063683859 -4 -0.04
56 88 3 0.964814459161534 0 0
56 89 8 0.743585605744894 2 0.02
56 89 3 0.932218450957031 2 0.02
56 89 5 0.864168885262445 3 0.03
57 58 8 0.898384504469046 3 0.03
57 58 1 0.889833375113753 3 0.03
57 58 4 0.930611676238938 1 0.01
57 58 6 0.768444871645795 -1 -0.01
57 58 10 0.797812314240115 2 0.02
57 61 8 0.782581993525411 3 0.03
57 61 4 0.934322433497852 1 0.01
57 61 6 0.829511275367084 1 0.01
57 63 4 0.783993414946072 1 0.01
57 66 8 0.875239185974222 2 0.02
57 66 1 0.909048975827343 0 0
57 66 4 0.962394815495113 0 0
57 66 6 0.890683231026553 1 0.01
57 66 10 0.720325031846063 1 0.01
57 67 8 0.773254895555527 2 0.02
57 67 1 0.717203685837496 2 0.02
57 67 6 0.727210765482335 0 0
57 68 8 0.791352212521418 1 0.01
57 68 1 0.883912262670233 1 0.01
57 68 6 0.831487334831125 3 0.03
57 69 8 0.779535292366325 2 0.02
57 75 1 0.807563789369247 0 0
57 75 6 0.723354563752078 1 0.01
57 76 8 0.94764282625359 2 0.02
57 76 1 0.980844118784093 0 0
57 76 4 0.979523963702501 0 0
57 76 6 0.928961012097905 1 0.01
57 76 10 0.753861600408255 6 0.06
57 78 1 0.901978336572597 2 0.02
57 78 4 0.887765572215633 2 0.02
57 82 8 0.801053165519362 -6 -0.06
57 82 1 0.727912675997553 0 0
57 82 6 0.849923409417914 -15 -0.15
57 83 1 0.724021583665659 1 0.01
57 83 4 0.785418742135541 13 0.13
57 84 8 0.734820516539371 -17 -0.17
57 85 8 0.865270001318584 4 0.04
57 87 8 0.756090633636568 -12 -0.12
57 87 4 0.90842003962052 2 0.02
57 88 1 0.782907756784234 2 0.02
57 88 4 0.825513874187818 -3 -0.03
57 88 6 0.830448471593457 -2 -0.02
57 89 8 0.70197760220603 4 0.04
58 59 8 0.97953279112135 1 0.01
58 59 1 0.765628669005539 -5 -0.05
58 59 4 0.852211157862202 -1 -0.01
58 59 3 0.951209745757512 2 0.02
58 61 8 0.733366366554821 -1 -0.01
58 61 1 0.71954313076834 1 0.01
58 61 4 0.871061413463081 1 0.01
58 61 3 0.945896849351362 2 0.02
58 63 8 0.711363845966875 1 0.01
58 63 4 0.822057632161614 0 0
58 63 3 0.925496965748204 2 0.02
58 64 3 0.819875507730087 -7 -0.07
58 66 8 0.816922655034719 -1 -0.01
58 66 1 0.797255948216044 -2 -0.02
58 66 4 0.892480119110902 -1 -0.01
58 66 3 0.951451861546551 2 0.02
58 66 5 0.789484068603626 11 0.11
58 67 8 0.835326231013308 -1 -0.01
58 67 3 0.962702543795637 2 0.02
58 68 8 0.858141658599893 -2 -0.02
58 68 1 0.812221920804611 -1 -0.01
58 68 3 0.967164447921909 2 0.02
58 68 5 0.761373931231996 0 0
58 69 8 0.884099703899456 -1 -0.01
58 69 9 0.878268836249145 -1 -0.01
58 75 3 0.839228274534448 1 0.01
58 76 8 0.934805155103933 -1 -0.01
58 76 1 0.874476135123704 -3 -0.03
58 76 4 0.915878584518706 -1 -0.01
58 76 3 0.960542622322517 0 0
58 76 5 0.754814062073675 11 0.11
58 78 1 0.874202007905663 0 0
58 78 4 0.764921414266404 0 0
58 78 3 0.776566418770213 2 0.02
58 82 8 0.755147760232606 -9 -0.09
58 82 3 0.902791157282528 -4 -0.04
58 83 3 0.861537098363422 -6 -0.06
58 84 8 0.742131443154249 -1 -0.01
58 84 3 0.895610364934344 4 0.04
58 85 8 0.801750583471181 1 0.01
58 85 3 0.836300372722361 2 0.02
58 87 8 0.7657605384857 -15 -0.15
58 87 4 0.89681307996652 0 0
58 87 3 0.740503087048814 -4 -0.04
58 87 5 0.720809388609292 9 0.09
58 88 8 0.743135700542494 0 0
58 88 4 0.722803658996348 -5 -0.05
58 88 3 0.880376745911505 1 0.01
58 89 8 0.818598102452497 1 0.01
58 89 3 0.88346477581262 3 0.03
59 61 8 0.741007954596494 -1 -0.01
59 61 4 0.815379688869791 2 0.02
59 61 3 0.918876690450915 1 0.01
59 61 5 0.810773824937831 -2 -0.02
59 63 8 0.754267502000425 0 0
59 63 3 0.887498055828686 1 0.01
59 64 3 0.812650534734761 -9 -0.09
59 66 8 0.849358925927774 -2 -0.02
59 66 4 0.878226329925075 0 0
59 66 3 0.940464202702179 0 0
59 66 5 0.869975597998176 -1 -0.01
59 67 8 0.836606037106334 -2 -0.02
59 67 3 0.933742165832228 0 0
59 67 5 0.90333421457116 0 0
59 68 8 0.844498788725045 -3 -0.03
59 68 3 0.944170703601349 0 0
59 68 5 0.880874994180597 0 0
59 69 8 0.895521771601275 -2 -0.02
59 75 3 0.794456104673138 0 0
59 76 8 0.946509849012729 -2 -0.02
59 76 4 0.887081142136346 0 0
59 76 3 0.925023608704489 -2 -0.02
59 76 5 0.909453592744521 0 0
59 78 4 0.711015763770528 2 0.02
59 78 3 0.810731706617863 0 0
59 78 5 0.796639670457668 5 0.05
59 82 8 0.783989849741302 -10 -0.1
59 82 1 0.774206712650032 0 0
59 82 3 0.892593700120866 -5 -0.05
59 82 5 0.787619006622536 -4 -0.04
59 83 4 0.77320822721479 13 0.13
59 83 3 0.881700085252691 -8 -0.08
59 83 5 0.776344788559919 0 0
59 84 8 0.785345594863733 -1 -0.01
59 84 3 0.828818084196547 2 0.02
59 85 8 0.870195019291861 0 0
59 85 1 0.708938467252567 2 0.02
59 85 3 0.81400804295014 0 0
59 87 8 0.781913008123254 -6 -0.06
59 87 1 0.738734478063818 2 0.02
59 87 4 0.740336228292893 1 0.01
59 87 3 0.734666169941936 -6 -0.06
59 87 5 0.82050212066894 -3 -0.03
59 88 8 0.763192071940276 -1 -0.01
59 88 1 0.787864091848965 2 0.02
59 88 4 0.815139746862125 -3 -0.03
59 88 3 0.891453053468405 0 0
59 88 5 0.758835734522838 -2 -0.02
59 89 8 0.800791019567662 0 0
59 89 1 0.768637983253303 -2 -0.02
59 89 3 0.920799616034705 2 0.02
59 89 5 0.78765014435037 -1 -0.01
61 63 4 0.790377966464008 -1 -0.01
61 63 3 0.975633948482484 0 0
61 64 9 0.841576342213125 -3 -0.03
61 64 3 0.899101001962435 -10 -0.1
61 66 8 0.922935085401286 -1 -0.01
61 66 4 0.936947214901404 -2 -0.02
61 66 3 0.993710995526841 -1 -0.01
61 66 5 0.915421442868608 1 0.01
61 67 8 0.813588703692995 0 0
61 67 3 0.970706695786666 0 0
61 68 8 0.877242178197054 -1 -0.01
61 68 3 0.97090199418913 -1 -0.01
61 68 5 0.851808414771596 2 0.02
61 69 4 0.721967275723364 -1 -0.01
61 69 3 0.715210403502475 -4 -0.04
61 75 8 0.91493804595069 0 0
61 75 3 0.840823794206495 -1 -0.01
61 76 8 0.828593653316727 0 0
61 76 4 0.941167729340814 -2 -0.02
61 76 3 0.986478999666071 -2 -0.02
61 76 5 0.871592069787627 2 0.02
61 78 4 0.808427366766637 0 0
61 78 3 0.76645395921088 0 0
61 78 5 0.762670647149405 7 0.07
61 82 3 0.968168173206494 -6 -0.06
61 82 5 0.879706731284227 -2 -0.02
61 83 4 0.782419366706891 12 0.12
61 83 3 0.869380198617322 -9 -0.09
61 84 3 0.799886069607072 1 0.01
61 84 9 0.731171321697266 8 0.08
61 85 3 0.786594376333069 13 0.13
61 87 4 0.868793209134477 0 0
61 87 3 0.791917061321368 -7 -0.07
61 87 5 0.89610115020073 -1 -0.01
61 88 4 0.801229870828831 -5 -0.05
61 88 3 0.920031815445316 -1 -0.01
61 88 5 0.870047278893969 0 0
61 89 3 0.9131984030885 1 0.01
61 89 5 0.832295083560147 1 0.01
63 64 3 0.867157524566373 -10 -0.1
63 64 9 0.860283846642085 -3 -0.03
63 66 8 0.765913116018754 -2 -0.02
63 66 3 0.963035677123297 -1 -0.01
63 66 4 0.80036238068488 -1 -0.01
63 67 8 0.797554238260474 -2 -0.02
63 67 3 0.935147254990587 0 0
63 68 8 0.782574491461214 -3 -0.03
63 68 3 0.937112845172514 -1 -0.01
63 69 8 0.74448848162949 -2 -0.02
63 69 3 0.732114641630909 -4 -0.04
63 75 3 0.798940492369053 -1 -0.01
63 76 8 0.700596621878425 -2 -0.02
63 76 4 0.803501827301614 -1 -0.01
63 76 3 0.944268858997832 -2 -0.02
63 78 3 0.703444005562754 0 0
63 82 3 0.935707590351499 -6 -0.06
63 83 3 0.796303470824554 -9 -0.09
63 84 8 0.787157796257486 -1 -0.01
63 84 3 0.787746284871096 1 0.01
63 84 9 0.769414165157448 16 0.16
63 85 8 0.733076394530926 0 0
63 85 3 0.834924679644547 13 0.13
63 87 4 0.834700364849846 0 0
63 87 3 0.715359327119522 -7 -0.07
63 88 8 0.795268014951343 -1 -0.01
63 88 3 0.839484627253692 -1 -0.01
63 89 3 0.832553188932562 1 0.01
64 66 1 0.906851579494766 1 0.01
64 66 9 0.824355080881333 3 0.03
64 66 3 0.904872877372442 9 0.09
64 67 1 0.777697079282084 2 0.02
64 67 3 0.87208267396235 9 0.09
64 68 1 0.917490478013489 2 0.02
64 68 3 0.8848590756341 9 0.09
64 75 1 0.899485588672113 1 0.01
64 75 9 0.786093064441235 -4 -0.04
64 75 3 0.748995698539953 8 0.08
64 76 1 0.809095570300914 1 0.01
64 76 3 0.895558184744079 8 0.08
64 78 1 0.850953749216843 2 0.02
64 78 3 0.742795403068956 10 0.1
64 82 3 0.89342871162117 4 0.04
64 83 1 0.770129909445562 1 0.01
64 83 3 0.797688398781132 1 0.01
64 84 1 0.778700916482947 0 0
64 84 9 0.753000740122407 19 0.19
64 85 3 0.757531166882635 23 0.23
64 87 3 0.83281528372881 3 0.03
64 89 3 0.814855109563813 11 0.11
65 70 1 0.801859970874627 1 0.01
65 80 3 0.720019350702885 14 0.14
65 86 3 0.78000156301458 -1 -0.01
65 91 6 0.748092594564309 -7 -0.07
65 91 3 0.888318194103449 -7 -0.07
65 91 5 0.855343539834245 1 0.01
65 92 3 0.711471675483498 -12 -0.12
65 92 5 0.710102923630301 0 0
66 67 8 0.877933613934012 0 0
66 67 1 0.818362223304238 2 0.02
66 67 3 0.975346232765315 0 0
66 68 8 0.902540853131954 -1 -0.01
66 68 1 0.958498512636723 1 0.01
66 68 5 0.966373438954057 1 0.01
66 68 3 0.988795015079504 0 0
66 69 8 0.717820273449218 0 0
66 69 3 0.704926292001658 -3 -0.03
66 69 5 0.719064486180932 1 0.01
66 75 8 0.791706111031834 1 0.01
66 75 1 0.939491647277497 0 0
66 75 3 0.849804579188419 -1 -0.01
66 75 5 0.732266224293361 2 0.02
66 76 8 0.884298370852022 0 0
66 76 1 0.963451435549891 0 0
66 76 4 0.975240421288589 0 0
66 76 3 0.983818568831525 -1 -0.01
66 76 5 0.958939790924579 0 0
66 78 1 0.947330421389636 2 0.02
66 78 4 0.88354172626193 2 0.02
66 78 3 0.785433375087992 1 0.01
66 78 5 0.770150208090354 5 0.05
66 82 1 0.727416389060926 2 0.02
66 82 3 0.969074069325281 -5 -0.05
66 82 5 0.867695155491905 -4 -0.04
66 83 1 0.775036477461662 0 0
66 83 4 0.784343771486966 13 0.13
66 83 3 0.895737558919682 -8 -0.08
66 84 8 0.718560283004357 -19 -0.19
66 84 1 0.777791035596235 -1 -0.01
66 84 3 0.804084495969371 2 0.02
66 84 9 0.774395461680165 16 0.16
66 85 8 0.813013611415139 2 0.02
66 85 3 0.774972728091767 0 0
66 87 4 0.817343031954376 2 0.02
66 87 3 0.811448729370552 -6 -0.06
66 87 5 0.928502576741943 -2 -0.02
66 88 8 0.734750581250735 1 0.01
66 88 5 0.852455535632019 -1 -0.01
66 88 3 0.935083190967183 0 0
66 88 4 0.783388611695747 -3 -0.03
66 89 3 0.935738119145459 2 0.02
66 89 5 0.743870707505012 -1 -0.01
67 68 8 0.975928084380687 -1 -0.01
67 68 1 0.826995498523657 0 0
67 68 3 0.994361229633186 0 0
67 69 8 0.885309982759765 0 0
67 75 1 0.846295312097234 -1 -0.01
67 75 3 0.894483037464591 -1 -0.01
67 76 8 0.882226250541875 0 0
67 76 1 0.784095663997257 -2 -0.02
67 76 3 0.98200098524783 -2 -0.02
67 78 1 0.848416219394806 0 0
67 78 3 0.77947206470023 0 0
67 82 1 0.765662728444974 0 0
67 82 3 0.946641510264266 -6 -0.06
67 83 4 0.764186033964077 7 0.07
67 83 3 0.881504191346848 -8 -0.08
67 84 8 0.883837678864424 0 0
67 84 1 0.798270782878993 -2 -0.02
67 84 3 0.788581339016182 2 0.02
67 85 8 0.829552285085429 1 0.01
67 85 3 0.786643292303208 0 0
67 85 9 0.830641816425311 1 0.01
67 87 3 0.790974948092539 -6 -0.06
67 88 8 0.925299332359528 1 0.01
67 88 3 0.942268935997085 -1 -0.01
67 88 5 0.834762642704884 -2 -0.02
67 89 8 0.821518140015215 2 0.02
67 89 3 0.930456095300274 1 0.01
67 89 5 0.74419989647933 -2 -0.02
68 69 8 0.842045555341618 1 0.01
68 69 5 0.731056835701138 0 0
68 75 8 0.732106097536124 1 0.01
68 75 1 0.934054861343516 -1 -0.01
68 75 3 0.86928018139607 -1 -0.01
68 75 5 0.700142746726364 1 0.01
68 76 8 0.898976641716016 1 0.01
68 76 1 0.929097377353529 -1 -0.01
68 76 3 0.980075297908244 -2 -0.02
68 76 5 0.94643582889103 -1 -0.01
68 78 1 0.947306524441122 0 0
68 78 4 0.708997431794152 3 0.03
68 78 3 0.785251401972086 0 0
68 78 5 0.80010988252243 4 0.04
68 82 1 0.744241658190768 0 0
68 82 3 0.947488606953482 -6 -0.06
68 82 5 0.809536275753908 -5 -0.05
68 83 1 0.837736428367949 -1 -0.01
68 83 4 0.770161104265305 1 0.01
68 83 3 0.881460671082094 -8 -0.08
68 84 8 0.83477332281568 1 0.01
68 84 1 0.794484664631386 -2 -0.02
68 84 3 0.81372397564083 2 0.02
68 84 9 0.768259990577643 15 0.15
68 85 8 0.804462867698971 2 0.02
68 85 3 0.77717393548402 0 0
68 85 4 0.784239588141497 8 0.08
68 87 3 0.79337144456189 -6 -0.06
68 87 5 0.860921686411411 -3 -0.03
68 88 8 0.868295641716447 2 0.02
68 88 1 0.724891840895193 1 0.01
68 88 5 0.787972024869204 -2 -0.02
68 88 3 0.92764899608914 -1 -0.01
68 89 8 0.780141658619876 3 0.03
68 89 3 0.923066807866376 2 0.02
69 76 8 0.872245606728668 0 0
69 76 9 0.752569873119998 -1 -0.01
69 82 3 0.74193828522874 -2 -0.02
69 84 8 0.912697946429035 0 0
69 85 8 0.863591110676074 1 0.01
69 87 3 0.712455186945577 -4 -0.04
69 88 8 0.881586923316233 1 0.01
69 88 3 0.725984423136134 2 0.02
69 89 8 0.830798391470912 2 0.02
70 86 6 0.820829418166491 -1 -0.01
70 91 3 0.832437237053812 0 0
70 91 1 0.716641087568826 -11 -0.11
70 92 6 0.88007203197735 0 0
75 76 1 0.867112684476351 0 0
75 76 3 0.84357169979209 -1 -0.01
75 78 1 0.8792814369842 1 0.01
75 82 1 0.800518246993183 1 0.01
75 82 3 0.746564920151183 -19 -0.19
75 83 1 0.76306364386026 0 0
75 83 3 0.845577442952372 -7 -0.07
75 84 1 0.840257596805216 -1 -0.01
75 84 3 0.727418371827064 2 0.02
75 84 9 0.8390175109353 15 0.15
75 85 3 0.808695493681044 1 0.01
75 87 3 0.721282853185226 -5 -0.05
75 88 3 0.835118818092875 0 0
75 89 3 0.842286344572854 2 0.02
76 78 1 0.947293971491443 2 0.02
76 78 4 0.863686732651318 2 0.02
76 78 3 0.805010359383485 2 0.02
76 78 5 0.827741546614866 5 0.05
76 82 8 0.762252646357587 -8 -0.08
76 82 1 0.735798510638649 1 0.01
76 82 3 0.973307100210873 -4 -0.04
76 82 5 0.886978630439332 -4 -0.04
76 83 1 0.766615584464718 1 0.01
76 83 4 0.76272100117577 13 0.13
76 83 3 0.906644417841204 -7 -0.07
76 84 8 0.756215051952922 -19 -0.19
76 84 1 0.749037062647026 -1 -0.01
76 84 3 0.795512544080022 3 0.03
76 85 8 0.868619189745367 2 0.02
76 85 3 0.790913337040217 2 0.02
76 87 8 0.776585462112271 -14 -0.14
76 87 4 0.882555456108732 2 0.02
76 87 3 0.833157939491394 -5 -0.05
76 87 5 0.952901090388034 -3 -0.03
76 88 8 0.769936323589267 1 0.01
76 88 1 0.750852175662244 2 0.02
76 88 3 0.956826472684738 1 0.01
76 88 5 0.862632877090973 -2 -0.02
76 88 4 0.826597741831167 -3 -0.03
76 89 8 0.784612688354364 2 0.02
76 89 3 0.942722216464522 3 0.03
76 89 5 0.795987005149249 -1 -0.01
78 82 1 0.705428811867061 0 0
78 82 3 0.813135271159849 -6 -0.06
78 82 5 0.829780469982633 -9 -0.09
78 83 1 0.78138256330087 -1 -0.01
78 83 4 0.717350929356368 11 0.11
78 83 3 0.732050472963273 -8 -0.08
78 84 1 0.722716710600254 -2 -0.02
78 87 4 0.745998915548682 0 0
78 87 5 0.776271768034039 -8 -0.08
78 88 1 0.708870069856295 0 0
78 88 5 0.735436546442955 -7 -0.07
78 88 3 0.792923479228057 -1 -0.01
78 88 4 0.762584663481865 -6 -0.06
78 89 3 0.824828795862477 1 0.01
78 89 5 0.781637384340347 -6 -0.06
79 80 4 0.767374154369713 2 0.02
79 80 3 0.787983584947108 12 0.12
79 86 3 0.757139859683925 -4 -0.04
79 91 4 0.7495319453203 7 0.07
79 92 4 0.898878787317601 8 0.08
79 92 3 0.787767264951441 -3 -0.03
80 91 4 0.774702137518717 5 0.05
80 92 4 0.716727146027593 5 0.05
81 86 3 0.736386345642262 -4 -0.04
81 90 4 0.749342925350675 13 0.13
81 90 3 0.880745610171848 -11 -0.11
82 83 3 0.847690613228177 -3 -0.03
82 84 1 0.858828590149153 -2 -0.02
82 84 3 0.724948126507069 7 0.07
82 84 9 0.754989988058457 2 0.02
82 85 8 0.729812759284601 10 0.1
82 85 1 0.778136154342948 3 0.03
82 85 3 0.806465811000269 20 0.2
82 85 5 0.730247790011213 1 0.01
82 87 8 0.706916212623108 -6 -0.06
82 87 1 0.841914533259833 3 0.03
82 87 3 0.833609050829965 -1 -0.01
82 87 5 0.903263087487499 1 0.01
82 88 1 0.899023918696539 1 0.01
82 88 5 0.829850077146754 2 0.02
82 88 3 0.928551827858991 5 0.05
82 89 3 0.905562660950355 7 0.07
82 89 5 0.849576601844792 3 0.03
83 84 3 0.711059297420536 -3 -0.03
83 85 4 0.72001380984428 6 0.06
83 85 3 0.870790964523405 8 0.08
83 88 5 0.86265253059555 -2 -0.02
83 88 3 0.954683163657956 8 0.08
83 88 4 0.781906314118434 -17 -0.17
83 89 3 0.947098704104826 10 0.1
83 89 5 0.826336627864183 -1 -0.01
84 85 8 0.876116207517086 1 0.01
84 85 1 0.791782719072978 5 0.05
84 85 3 0.796549031026897 -1 -0.01
84 87 1 0.776344349650948 6 0.06
84 87 9 0.709145039139203 -13 -0.13
84 88 8 0.905881737939352 1 0.01
84 88 1 0.789083421696522 4 0.04
84 88 9 0.752323452422752 -22 -0.22
84 89 8 0.86772810765782 2 0.02
84 89 3 0.749486861343113 0 0
85 87 8 0.750045589526864 -16 -0.16
85 87 1 0.911869585744193 1 0.01
85 87 3 0.745734029334652 -5 -0.05
85 87 5 0.716394024543558 -1 -0.01
85 88 8 0.839643542200313 -1 -0.01
85 88 1 0.775982964772388 0 0
85 88 5 0.758275902935375 0 0
85 88 3 0.802196200663953 0 0
85 89 8 0.717893605752837 1 0.01
85 89 3 0.82055671505005 1 0.01
86 90 3 0.770153048361932 6 0.06
86 91 3 0.748822292806487 6 0.06
86 92 6 0.760107264454353 1 0.01
86 92 3 0.941723325113177 1 0.01
87 88 1 0.900401963843531 -1 -0.01
87 88 3 0.874054170464138 5 0.05
87 88 5 0.958588935858703 1 0.01
87 89 3 0.81152339031585 7 0.07
87 89 5 0.854252322448835 2 0.02
88 89 8 0.796673330349562 1 0.01
88 89 3 0.980437759176408 2 0.02
88 89 5 0.872209548669445 1 0.01
90 92 3 0.743583511822461 -5 -0.05
91 92 3 0.742174307931382 -5 -0.05
